
The thread 0x10f8 has exited with code 0 (0x0).
 0  1.5  3.8 
 0  22.5  3.8 
 0  22.5  18.8 
 0  1.5  18.8 
 24.3  0  3.8 
 3.3  0  3.8 
 3.3  0  18.8 
 24.3  0  18.8 
 3 D POINTS ARE LOADED  

0     -1.5     -3.8     -1     0     0     0     0     0     -310.5     -786.6     207     
0     0     0     0     0     -1.5     -3.8     -1     0     -73.5     -186.2     49     
0     -1.5     -3.8     -1     0     0     0     0     0     -310.5     -786.6     207     
0     0     0     0     0     -22.5     -3.8     -1     0     -8167.5     -1379.4     363     
0     -22.5     -3.8     -1     0     0     0     0     0     -4387.5     -741     195     
0     0     0     0     0     -22.5     -18.8     -1     0     -7200     -6016     320     
0     -22.5     -18.8     -1     0     0     0     0     0     -787.5     -658     35     
0     0     0     0     0     -1.5     -18.8     -1     0     -124.5     -1560.4     83     
0     -1.5     -18.8     -1     0     0     0     0     0     -70.5     -883.6     47     
0     0     0     0     -24.3     0     -3.8     -1     -2600.1     0     -406.6     107     
-24.3     0     -3.8     -1     0     0     0     0     -7678.8     0     -1200.8     316     
0     0     0     0     -3.3     0     -3.8     -1     -1056     0     -1216     320     
-3.3     0     -3.8     -1     0     0     0     0     -1039.5     0     -1197     315     
0     0     0     0     -3.3     0     -18.8     -1     -943.8     0     -5376.8     286     
-3.3     0     -18.8     -1     0     0     0     0     -914.1     0     -5207.6     277     
0     0     0     0     -24.3     0     -18.8     -1     -7047     0     -5452     290     
0     -1.5     -3.8     -1     0     0     0     0     0     -327     -828.4     218     
0     0     0     0     0     -1.5     -3.8     -1     0     -33     -83.6     22     
0     -1.5     -3.8     -1     0     0     0     0     0     -327     -828.4     218     
0     0     0     0     0     -22.5     -3.8     -1     0     -8685     -1466.8     386     
0     -22.5     -3.8     -1     0     0     0     0     0     -4477.5     -756.2     199     
0     0     0     0     0     -22.5     -18.8     -1     0     -7222.5     -6034.8     321     
0     -22.5     -18.8     -1     0     0     0     0     0     -1350     -1128     60     
0     0     0     0     0     -1.5     -18.8     -1     0     -123     -1541.6     82     
0     -1.5     -18.8     -1     0     0     0     0     0     -103.5     -1297.2     69     
0     0     0     0     -24.3     0     -3.8     -1     -2235.6     0     -349.6     92     
-24.3     0     -3.8     -1     0     0     0     0     -8893.8     0     -1390.8     366     
0     0     0     0     -3.3     0     -3.8     -1     -1125.3     0     -1295.8     341     
-3.3     0     -3.8     -1     0     0     0     0     -1201.2     0     -1383.2     364     
0     0     0     0     -3.3     0     -18.8     -1     -485.1     0     -2763.6     147     
-3.3     0     -18.8     -1     0     0     0     0     -689.7     0     -3929.2     209     
0     0     0     0     -24.3     0     -18.8     -1     -8334.9     0     -6448.4     343     
